1
2
3
5
6
8
9
10
12
13
14
15
16
17
18
24
25
26
27
28
29
31
32
33
34
40
41
42
45
47
48
50
51
52
53
54
56
58
60
61
62
64
65
67
68
69
70
71
72
73
74
75
76
77
78
79
80
81
86
87
89
90
91
92
95
96
97
98
100
104
105
108
109
112
117
118
119
123
124
125
126
127
128
129
130
131
132
136
137
140
143
145
147
149
150
151
153
158
160
161
166
168
170
171
172
173
175
176
177
178
181
182
185
186
187
191
192
193
194
195
196
197
198
199
200
201
202
203
204
205
206
209
211
212
216
218
219
224
229
230
232
233
234
235
239
241
242
243
244
245
246
247
248
249
250
252
253
254
255
256
257
258
260
265
267
268
270
271
272
273
276
277
281
282
285
286
287
288
289
291
293
294
296
297
303
304
305
306
307
308
309
310
314
315
316
317
318
319
320
323
324
325
326
327
328
329
330
331
332
333
334
335
336
337
338
339
340
341
346
349
352
353
354
355
356
357
358
361
362
364
366
367
368
369
370
371
372
373
